# oST version 5.0 parameters


[image]

width
1292

height
964

[000a4701120a55e7]

camera matrix
2282.394688 0.000000 632.996710
0.000000 2275.851823 513.449775
0.000000 0.000000 1.000000

distortion
-0.199462 0.066965 0.001725 -0.000002 0.000000

rectification
0.999979 0.001718 0.006295
-0.001746 0.999988 0.004566
-0.006287 -0.004577 0.999970

projection
2267.711845 0.000000 616.058113 -333.772312
0.000000 2267.711845 506.210247 0.000000
0.000000 0.000000 1.000000 0.000000
