# oST version 5.0 parameters


[image]

width
1292

height
964

[000a4701120a55e6]

camera matrix
2283.557528 0.000000 626.861320
0.000000 2275.177976 497.467834
0.000000 0.000000 1.000000

distortion
-0.197649 0.249453 -0.000264 -0.002413 0.000000

rectification
0.999988 -0.002197 0.004269
0.002216 0.999987 -0.004567
-0.004259 0.004576 0.999980

projection
2267.711845 0.000000 616.058113 0.000000
0.000000 2267.711845 506.210247 0.000000
0.000000 0.000000 1.000000 0.000000
